Filters applied
---------------
- Year-end filter: applied to all dated firm-level datasets except IFS_IndRegMSELE
- Coverage intersection: min-years=3 using CG_Co, CG_Ybasic, FS_Combas, FS_Comins, MC_*, BDT_FinDistMertonDD; excluded from coverage calc but still trimmed to the common companies, year-filtered when dated, and required to meet min-years: FS_Comscfd, FS_Comscfi, FN_FN046, OFDI_FININDEX; IFS_IndRegMSELE excluded and filtered by years only
- ocscore passthrough (no coverage/year filter); merged later in analytics on Symbol+Date with ocscore_* prefixes
- Parent-only by default; consolidated included when --allow-consolidated
- Merged file collapsed to one row per company-year (numeric columns averaged); Date is the year; serial_number is the first column (sequential per Symbol)

Filtered source counts
----------------------
- BDT_FinDistMertonDD (market value/distress): rows=4820, unique_ids=1063, years=2018-2022 (5 uniq)
- CG_Co (company metadata): rows=1063, unique_ids=1063
- CG_Ybasic (employees): rows=6941, unique_ids=1063, years=2018-2024 (7 uniq)
- FN_FN046 (equity changes): rows=21068, unique_ids=523, years=2018-2024 (7 uniq)
- FS_Combas (balance sheet): rows=6946, unique_ids=1063, years=2018-2024 (7 uniq)
- FS_Comins (income statement): rows=6946, unique_ids=1063, years=2018-2024 (7 uniq)
- FS_Comscfd (cash flow): rows=6946, unique_ids=1063, years=2018-2024 (7 uniq)
- FS_Comscfi (depreciation): rows=58, unique_ids=12, years=2018-2024 (7 uniq)
- IFS_IndRegMSELE (industry employees): rows=1116
- MC_DiverOperationsDegree (diversification): rows=9005, unique_ids=1063, years=2018-2024 (7 uniq)
- MC_DiverOperationsPro (product operations): rows=19031, unique_ids=1063, years=2018-2024 (7 uniq)
- ocscore (O-score inputs): rows=7172, unique_ids=1063, years=2018-2024 (7 uniq)
- OFDI_FININDEX (Tobin Q style): rows=3573, unique_ids=771, years=2018-2022 (5 uniq)

Merged file summary
-------------------
Rows: 6,988
Unique companies (Symbol): 1,063 (from merged file)
Year span: 2018 - 2024 (7 unique years)
Statement type from MC data (StateTypeCode: 1=Consolidated, 2=Parent); rows by code: 2.0:4568

Classified diversification company summary
----------------------------------------
- parent product diversification: rows=4122, unique_companies=1050
- consolidated product diversification: rows=0, unique_companies=0
- parent sales diversification: rows=2866, unique_companies=989
- consolidated sales diversification: rows=0, unique_companies=0

Overlap: parent_product_diversification vs parent_sales_diversification -> overlapping_companies=976
company, years_in_left_file, years_in_right_file
- 300005: 2022,2023,2024 | 2018,2019,2020,2021
- 300006: 2020,2021,2022,2023,2024 | 2018,2019
- 300008: 2020,2022,2024 | 2018,2019,2021,2023
- 300011: 2022,2023,2024 | 2018,2019,2020,2021
- 300013: 2020,2021,2022,2023,2024 | 2018,2019
- 300017: 2020,2021,2022,2023,2024 | 2018,2019
- 300018: 2021,2022 | 2018,2019,2020,2023,2024
- 300025: 2021,2022,2023,2024 | 2018,2019,2020
- 300026: 2020,2021,2022,2023,2024 | 2018,2019
- 300027: 2021,2022,2023,2024 | 2018,2019,2020
- 300030: 2020,2021,2022,2023,2024 | 2018,2019
- 300034: 2021,2022,2023,2024 | 2018,2019,2020
- 300035: 2022,2023,2024 | 2018,2019,2020,2021
- 300039: 2020,2022,2023,2024 | 2018,2019,2021
- 300040: 2021,2022,2023,2024 | 2018,2019,2020
- 300042: 2021,2022,2024 | 2018,2019,2020,2023
- 300043: 2020,2021,2022,2023,2024 | 2018,2019
- 300044: 2021,2022,2023,2024 | 2018,2019,2020
- 300046: 2021,2022,2023,2024 | 2018,2019,2020
- 300047: 2021,2022,2023,2024 | 2018,2019,2020
- 300048: 2020,2024 | 2018,2019,2021,2022,2023
- 300049: 2021,2022,2023,2024 | 2018,2019,2020
- 300050: 2020,2021,2022,2023,2024 | 2018,2019
- 300051: 2020,2021,2022,2023,2024 | 2018,2019
- 300052: 2023,2024 | 2018,2019,2020,2021,2022
- 300054: 2018,2020,2021,2022,2023,2024 | 2019
- 300056: 2020,2021,2022,2024 | 2018,2019,2023
- 300057: 2021,2023,2024 | 2018,2019,2020,2022
- 300066: 2020,2021,2022,2023,2024 | 2018,2019
- 300069: 2021,2022,2023,2024 | 2018,2019,2020
- 300077: 2018 | 2019,2020,2021,2022,2023,2024
- 300079: 2021,2022,2023,2024 | 2018,2019,2020
- 300081: 2020,2021,2022,2023,2024 | 2018,2019
- 300082: 2021,2022,2023,2024 | 2018,2019,2020
- 300085: 2022,2023,2024 | 2018,2019,2020,2021
- 300087: 2023,2024 | 2018,2019,2020,2021,2022
- 300088: 2022,2023,2024 | 2018,2019,2020,2021
- 300091: 2022,2023,2024 | 2018,2019,2020,2021
- 300092: 2022 | 2018,2019,2020,2021,2023,2024
- 300096: 2020,2023,2024 | 2018,2019,2021,2022
- 300097: 2018,2024 | 2019,2020,2021,2022,2023
- 300100: 2020,2021,2022,2023,2024 | 2018,2019
- 300101: 2021,2022,2023,2024 | 2018,2019,2020
- 300102: 2020,2021,2022,2023,2024 | 2018,2019
- 300105: 2020,2021 | 2018,2019,2022,2023,2024
- 300107: 2020,2021,2022,2023,2024 | 2018,2019
- 300112: 2021,2022,2023,2024 | 2018,2019,2020
- 300113: 2020,2021,2022,2023,2024 | 2018,2019
- 300114: 2020,2021,2022,2023 | 2018,2019,2024
- 300115: 2020,2021,2022,2023,2024 | 2018,2019
- 300116: 2020,2021,2022,2023 | 2018,2019
- 300120: 2021,2022,2023 | 2018,2019,2020,2024
- 300122: 2020,2021,2023,2024 | 2018,2019,2022
- 300123: 2020,2021,2022,2023,2024 | 2018,2019
- 300124: 2020,2021,2022,2023,2024 | 2018,2019
- 300125: 2024 | 2018,2019,2020,2021,2022,2023
- 300128: 2022,2023,2024 | 2018,2019,2020,2021
- 300129: 2020 | 2018,2019,2021,2022,2023,2024
- 300131: 2022,2023,2024 | 2018,2019,2020,2021
- 300137: 2020,2021,2022,2023,2024 | 2018,2019
- 300138: 2021,2022,2023,2024 | 2018,2019,2020
- 300141: 2021,2022,2023,2024 | 2018,2019,2020
- 300144: 2020,2021,2022,2024 | 2018,2019,2023
- 300147: 2021,2022,2023,2024 | 2018,2019,2020
- 300148: 2021,2022,2023,2024 | 2018,2019,2020
- 300150: 2020,2021,2022,2023 | 2018,2019,2024
- 300153: 2021,2022,2023,2024 | 2018,2019,2020
- 300155: 2018,2020,2021,2022,2023,2024 | 2019
- 300158: 2021,2022,2023,2024 | 2018,2019,2020
- 300162: 2021,2023,2024 | 2018,2019,2020,2022
- 300165: 2021,2022,2023,2024 | 2018,2019,2020
- 300168: 2021,2022,2023,2024 | 2018,2019,2020
- 300169: 2021,2022,2023,2024 | 2018,2019,2020
- 300172: 2021,2023 | 2018,2019,2020,2022,2024
- 300177: 2021,2022,2023,2024 | 2018,2019,2020
- 300179: 2021,2022,2023,2024 | 2018,2019,2020
- 300180: 2020,2021,2022 | 2018,2019,2023,2024
- 300185: 2021,2022,2023,2024 | 2018,2019,2020
- 300187: 2021,2022,2023,2024 | 2018,2019,2020
- 300188: 2020,2021,2022,2023,2024 | 2018,2019
- 300192: 2021,2022,2024 | 2018,2019,2020,2023
- 300193: 2022,2023,2024 | 2018,2019,2020,2021
- 300195: 2020,2021,2023 | 2018,2019,2022,2024
- 300196: 2021,2022,2023,2024 | 2018,2019,2020
- 300199: 2020,2021,2022,2024 | 2018,2019,2023
- 300204: 2021,2022 | 2018,2019,2020,2023,2024
- 300205: 2020,2021,2022,2023,2024 | 2018,2019
- 300207: 2019,2020,2022,2023,2024 | 2018,2021
- 300211: 2021,2022,2023,2024 | 2018,2019,2020
- 300213: 2020,2021,2022,2023,2024 | 2018,2019
- 300215: 2018,2019,2021,2022 | 2020,2023,2024
- 300217: 2020,2022,2023,2024 | 2018,2019,2021
- 300218: 2019,2020,2021 | 2018,2022,2023,2024
- 300220: 2018,2019,2020,2021,2022,2023 | 2024
- 300222: 2020,2022,2023,2024 | 2018,2019,2021
- 300223: 2021,2022,2023,2024 | 2018,2019,2020
- 300225: 2020,2021,2022,2023 | 2018,2019,2024
- 300226: 2022,2023,2024 | 2018,2019,2020,2021
- 300229: 2020,2021,2022,2023 | 2018,2019,2024
- 300230: 2020,2021,2022,2023,2024 | 2018,2019
- 300231: 2021,2022,2023,2024 | 2018,2019,2020
- 300232: 2021,2023,2024 | 2018,2019,2020,2022
- 300234: 2020,2021,2022,2023,2024 | 2018,2019
- 300235: 2020,2021,2022,2023,2024 | 2018,2019
- 300237: 2020,2022,2024 | 2018,2019,2021,2023
- 300239: 2020,2022,2023,2024 | 2018,2019,2021
- 300240: 2020,2021,2022,2023 | 2018,2019,2024
- 300243: 2020,2022,2023,2024 | 2018,2019,2021
- 300246: 2020,2021,2023,2024 | 2018,2019,2022
- 300247: 2020,2021,2022,2023,2024 | 2018,2019
- 300249: 2020,2021,2022,2023 | 2018,2019,2024
- 300251: 2021,2022,2023,2024 | 2018,2019,2020
- 300252: 2021,2022,2023,2024 | 2018,2019,2020
- 300254: 2020,2023,2024 | 2018,2019,2021,2022
- 300255: 2020,2021,2022,2023,2024 | 2018,2019
- 300257: 2021,2022,2023,2024 | 2018,2019,2020
- 300259: 2020,2021,2022,2023,2024 | 2018,2019
- 300261: 2020,2021,2022,2023,2024 | 2018,2019
- 300262: 2020,2021,2022 | 2018,2019,2023
- 300263: 2020,2021,2022,2023,2024 | 2018,2019
- 300267: 2021,2022,2023,2024 | 2018,2019,2020
- 300269: 2020,2023,2024 | 2018,2019,2021,2022
- 300270: 2020,2021,2022,2023 | 2018,2019,2024
- 300272: 2020,2021,2022,2023,2024 | 2018,2019
- 300275: 2020,2021,2022,2023,2024 | 2018,2019
- 300277: 2018,2020,2021,2022,2023,2024 | 2019
- 300281: 2020,2021,2022,2023,2024 | 2018,2019
- 300291: 2021,2023,2024 | 2018,2019,2020,2022
- 300292: 2021,2022,2023,2024 | 2018,2019,2020
- 300294: 2020,2021,2022,2023,2024 | 2018,2019
- 300295: 2018,2020,2021,2023,2024 | 2019,2022
- 300297: 2020,2021,2022 | 2018,2019
- 300298: 2021,2022,2024 | 2018,2019,2020,2023
- 300300: 2021,2022,2024 | 2018,2019,2020,2023
- 300301: 2020,2022,2023,2024 | 2018,2019,2021
- 300302: 2020,2021,2022,2023,2024 | 2018,2019
- 300304: 2021,2022,2023 | 2018,2019,2020,2024
- 300313: 2021,2022,2023,2024 | 2018,2019,2020
- 300314: 2020,2021,2022,2023,2024 | 2018,2019
- 300316: 2021,2022,2023,2024 | 2018,2019,2020
- 300327: 2020,2021,2022,2023,2024 | 2018,2019
- 300329: 2020,2021,2022,2023,2024 | 2018,2019
- 300331: 2021,2022,2023,2024 | 2018,2019,2020
- 300337: 2021,2023,2024 | 2018,2019,2020,2022
- 300342: 2021,2022,2023,2024 | 2018,2019,2020
- 300343: 2022,2023,2024 | 2018,2019,2020,2021
- 300345: 2020,2021,2022 | 2018,2019,2023,2024
- 300346: 2020,2021,2022,2023,2024 | 2018,2019
- 300347: 2023,2024 | 2018,2019,2020,2021,2022
- 300348: 2023,2024 | 2018,2019,2020,2021,2022
- 300349: 2020,2021,2022,2023,2024 | 2018,2019
- 300351: 2022,2023,2024 | 2018,2019,2020,2021
- 300353: 2020,2021,2022,2023 | 2018,2019,2024
- 300355: 2020,2021,2022,2023,2024 | 2018,2019
- 300357: 2021,2022,2023,2024 | 2018,2019,2020
- 300358: 2021,2022,2023,2024 | 2018,2019,2020
- 300360: 2022,2023,2024 | 2018,2019,2020,2021
- 300364: 2020,2021,2024 | 2018,2019,2022,2023
- 300365: 2021,2022,2024 | 2018,2019,2020,2023
- 300366: 2020,2021,2022,2023,2024 | 2018,2019
- 300368: 2020,2021,2022,2024 | 2018,2019,2023
- 300371: 2021,2022,2024 | 2018,2019,2020,2023
- 300375: 2020,2021,2022,2023,2024 | 2018,2019
- 300377: 2021,2022,2023,2024 | 2018,2019,2020
- 300380: 2020,2021,2022,2023,2024 | 2018,2019
- 300381: 2021,2022,2023,2024 | 2018,2019,2020
- 300382: 2021,2022,2023,2024 | 2018,2019,2020
- 300384: 2021,2022,2023,2024 | 2018,2019,2020
- 300385: 2020,2021,2022,2023,2024 | 2018,2019
- 300387: 2021,2022,2023,2024 | 2018,2019,2020
- 300392: 2022 | 2018,2019,2020,2021
- 300396: 2021,2022,2023,2024 | 2018,2019,2020
- 300397: 2023 | 2018,2019,2020,2021,2022,2024
- 300400: 2020,2021,2022,2023,2024 | 2018,2019
- 300402: 2020,2021,2022,2023,2024 | 2018,2019
- 300404: 2021,2022,2023,2024 | 2018,2019,2020
- 300406: 2020,2021,2022,2023,2024 | 2018,2019
- 300411: 2022,2023,2024 | 2018,2019,2020,2021
- 300416: 2022,2023,2024 | 2018,2019,2020,2021
- 300417: 2020,2021,2022,2023,2024 | 2018,2019
- 300418: 2021,2022,2024 | 2018,2019,2020,2023
- 300419: 2020,2021,2022,2023,2024 | 2018,2019
- 300421: 2020,2021,2022,2024 | 2018,2019,2023
- 300423: 2021,2022,2023,2024 | 2018,2019,2020
- 300425: 2020,2021,2022,2023,2024 | 2018,2019
- 300432: 2020,2021,2022,2023,2024 | 2018,2019
- 300433: 2021,2022,2023,2024 | 2018,2019,2020
- 300434: 2020,2021,2022,2023,2024 | 2018,2019
- 300435: 2021,2022,2023,2024 | 2018,2019,2020
- 300437: 2020,2021,2023,2024 | 2018,2019,2022
- 300440: 2022,2023,2024 | 2018,2019,2020,2021
- 300441: 2021,2022,2023,2024 | 2018,2019,2020
- 300443: 2021,2022,2023,2024 | 2018,2019,2020
- 300446: 2020,2021,2023,2024 | 2018,2019,2022
- 300447: 2021,2022,2023,2024 | 2018,2019,2020
- 300448: 2020,2021,2022,2023,2024 | 2018,2019
- 300449: 2021,2022,2023,2024 | 2018,2019,2020
- 300450: 2021,2022,2023,2024 | 2018,2019,2020
- 300451: 2020,2021,2023,2024 | 2018,2019,2022
- 300452: 2020,2021,2022,2023,2024 | 2018,2019
- 300453: 2021,2022,2023,2024 | 2018,2019,2020
- 300456: 2020,2021,2022,2023,2024 | 2018,2019
- 300457: 2020,2021,2022,2023,2024 | 2018,2019
- 300458: 2021,2022,2023,2024 | 2018,2019,2020
- 300461: 2021,2022,2023,2024 | 2018,2019,2020
- 300462: 2020,2021,2022,2023,2024 | 2018,2019
- 300465: 2018,2020,2021,2024 | 2019,2022,2023
- 300466: 2020,2021,2022,2023,2024 | 2018,2019
- 300467: 2020 | 2018,2019,2021,2022,2023,2024
- 300470: 2021,2022,2023,2024 | 2018,2019,2020
- 300471: 2020,2021,2022,2023,2024 | 2018,2019
- 300473: 2021,2022,2024 | 2018,2019,2020,2023
- 300475: 2020,2021,2022 | 2018,2019,2023,2024
- 300479: 2021,2022,2023,2024 | 2018,2019,2020
- 300481: 2020,2021,2022,2023,2024 | 2018,2019
- 300484: 2020,2021,2022 | 2018,2019,2023,2024
- 300486: 2022,2023,2024 | 2018,2019,2020,2021
- 300487: 2021,2022,2023,2024 | 2018,2019,2020
- 300488: 2020,2021,2022,2024 | 2018,2019,2023
- 300490: 2021,2022,2023,2024 | 2018,2019,2020
- 300491: 2020,2021,2022,2023,2024 | 2018,2019
- 300493: 2020,2021,2022,2023,2024 | 2018,2019
- 300494: 2021,2022,2023,2024 | 2018,2019,2020
- 300496: 2020,2023 | 2018,2019,2021,2022,2024
- 300497: 2021,2022,2023,2024 | 2018,2019,2020
- 300498: 2020,2021,2022,2023,2024 | 2018,2019
- 300500: 2020,2021,2023,2024 | 2018,2019,2022
- 300501: 2020,2022,2024 | 2018,2019,2021,2023
- 300502: 2020,2021,2022,2023,2024 | 2018,2019
- 300503: 2020,2021,2022,2023,2024 | 2018,2019
- 300504: 2022,2023,2024 | 2018,2019,2020,2021
- 300505: 2020,2021,2022,2023,2024 | 2018,2019
- 300507: 2020,2021,2022,2023,2024 | 2018,2019
- 300509: 2020,2021,2022,2023,2024 | 2018,2019
- 300512: 2021,2022,2023,2024 | 2018,2019,2020
- 300513: 2021,2023,2024 | 2018,2019,2020,2022
- 300514: 2021,2022,2023,2024 | 2018,2019,2020
- 300515: 2020,2021,2022,2023,2024 | 2018,2019
- 300518: 2023,2024 | 2018,2019,2020,2021,2022
- 300519: 2021,2022,2023,2024 | 2018,2019,2020
- 300520: 2020,2021,2022,2023,2024 | 2018,2019
- 300521: 2022,2024 | 2018,2019,2020,2021,2023
- 300527: 2020,2021,2024 | 2018,2019,2022,2023
- 300528: 2021,2022,2024 | 2018,2019,2020,2023
- 300531: 2020,2021,2022,2023,2024 | 2018,2019
- 300536: 2020,2021,2022,2024 | 2018,2019,2023
- 300537: 2020,2021,2022 | 2018,2019,2023,2024
- 300538: 2021,2023,2024 | 2018,2019,2020,2022
- 300540: 2021,2022,2023,2024 | 2018,2019,2020
- 300542: 2021,2022,2023,2024 | 2018,2019,2020
- 300543: 2021,2022,2024 | 2018,2019,2020,2023
- 300545: 2020,2021,2022,2024 | 2018,2019,2023
- 300546: 2021,2022,2023,2024 | 2018,2019,2020
- 300549: 2021,2022,2023,2024 | 2018,2019,2020
- 300550: 2020,2021,2022,2023,2024 | 2018,2019
- 300551: 2020,2021,2022,2023,2024 | 2018,2019
- 300554: 2020,2021,2022,2023,2024 | 2018,2019
- 300555: 2020,2021,2022,2023,2024 | 2018,2019
- 300557: 2020,2021,2022,2023,2024 | 2018,2019
- 300561: 2022,2023,2024 | 2018,2019,2020,2021
- 300563: 2022,2023,2024 | 2018,2019,2020,2021
- 300564: 2020,2021,2022,2023,2024 | 2019
- 300565: 2020,2021,2023,2024 | 2018,2019,2022
- 300566: 2022,2023 | 2018,2019,2020,2021,2024
- 300570: 2021,2022,2023,2024 | 2018,2019,2020
- 300572: 2020,2021,2022,2023 | 2018,2019,2024
- 300577: 2020,2021,2022,2023,2024 | 2018,2019
- 300578: 2020,2021,2022,2023,2024 | 2018,2019
- 300579: 2021,2022,2023,2024 | 2018,2019,2020
- 300580: 2021,2022,2023,2024 | 2018,2019,2020
- 300581: 2020,2022,2023,2024 | 2018,2019,2021
- 300582: 2021,2023,2024 | 2018,2019,2020,2022
- 300583: 2020,2021,2022,2024 | 2018,2019,2023
- 300584: 2020,2023,2024 | 2018,2019,2021,2022
- 300588: 2020,2021,2022,2023,2024 | 2018,2019
- 300589: 2021,2022,2023,2024 | 2018,2019,2020
- 300590: 2020,2021,2022,2023,2024 | 2018,2019
- 300591: 2021,2022,2023,2024 | 2018,2019,2020
- 300592: 2020,2021,2022,2024 | 2018,2019,2023
- 300594: 2021,2022,2023,2024 | 2019,2020
- 300595: 2018,2019,2021,2022,2023,2024 | 2020
- 300597: 2021,2023,2024 | 2018,2019,2020,2022
- 300598: 2020,2022,2023,2024 | 2018,2019,2021
- 300600: 2019,2020,2022 | 2018,2021,2023,2024
- 300601: 2020,2022,2023 | 2018,2019,2021,2024
- 300603: 2020,2021 | 2018,2019,2022,2023,2024
- 300604: 2021,2022,2023,2024 | 2018,2019,2020
- 300605: 2020,2021,2023,2024 | 2018,2019,2022
- 300606: 2020,2021,2022,2023,2024 | 2018,2019
- 300609: 2021,2022,2023,2024 | 2018,2019,2020
- 300611: 2021,2022,2023,2024 | 2018,2019,2020
- 300617: 2021,2022,2023 | 2018,2019,2020,2024
- 300620: 2020,2021,2022,2023,2024 | 2018,2019
- 300621: 2020,2021,2022,2023,2024 | 2018,2019
- 300622: 2020,2021,2022 | 2018,2019,2023,2024
- 300626: 2018,2022,2023,2024 | 2019,2020,2021
- 300629: 2020,2023,2024 | 2018,2019,2021,2022
- 300631: 2020,2021,2022 | 2018,2019,2023,2024
- 300634: 2020,2021,2022,2023,2024 | 2018,2019
- 300636: 2020,2021,2022,2023,2024 | 2018,2019
- 300640: 2020,2021,2022,2023,2024 | 2018,2019
- 300642: 2022,2023,2024 | 2018,2019,2020,2021
- 300643: 2021,2022,2023,2024 | 2018,2019,2020
- 300644: 2020,2023,2024 | 2018,2019,2021,2022
- 300645: 2020,2021,2022,2023,2024 | 2018,2019
- 300647: 2021,2023,2024 | 2018,2019,2020,2022
- 300652: 2020,2021,2023,2024 | 2018,2019,2022
- 300654: 2020,2021,2024 | 2018,2019,2022,2023
- 300661: 2020,2021,2022,2023,2024 | 2018,2019
- 300663: 2020,2021,2023,2024 | 2018,2019,2022
- 300669: 2020,2021,2023,2024 | 2018,2019,2022
- 300671: 2020,2021,2022,2023,2024 | 2018,2019
- 300672: 2021,2022,2023,2024 | 2018,2019,2020
- 300673: 2020,2023,2024 | 2018,2019,2021,2022
- 300674: 2020,2021,2022,2023,2024 | 2018,2019
- 300675: 2020,2021,2022,2023,2024 | 2018,2019
- 300676: 2020 | 2018,2019,2021,2022,2023,2024
- 300678: 2022,2023,2024 | 2018,2019,2020,2021
- 300681: 2020,2021,2023 | 2018,2019,2022,2024
- 300682: 2020,2021,2022,2023,2024 | 2018,2019
- 300685: 2020,2021,2022,2023,2024 | 2018,2019
- 300689: 2020,2021,2022,2023,2024 | 2018,2019
- 300690: 2021,2022,2023,2024 | 2018,2019,2020
- 300693: 2021,2022,2023,2024 | 2018,2019,2020
- 300694: 2021,2022,2023,2024 | 2018,2019,2020
- 300695: 2021,2022,2023,2024 | 2018,2019,2020
- 300698: 2021 | 2018,2019,2020,2022,2023,2024
- 300700: 2022,2023,2024 | 2018,2019,2020,2021
- 300701: 2020,2022,2023,2024 | 2018,2019,2021
- 300703: 2020,2021,2022,2023,2024 | 2018,2019
- 300705: 2020,2021,2022,2023,2024 | 2018,2019
- 300707: 2021,2023,2024 | 2018,2019,2020,2022
- 300708: 2023,2024 | 2018,2019,2020,2021,2022
- 300711: 2020,2021,2022,2023,2024 | 2018,2019
- 300713: 2020,2022,2023,2024 | 2018,2019,2021
- 300716: 2022,2023,2024 | 2018,2019,2020,2021
- 300718: 2020,2021,2022,2023,2024 | 2018,2019
- 300719: 2020,2021,2022,2023,2024 | 2018,2019
- 300721: 2021,2024 | 2018,2019,2020,2022,2023
- 300722: 2020,2021,2022,2023,2024 | 2018,2019
- 300724: 2018,2020,2021,2022,2023,2024 | 2019
- 300726: 2020,2021,2023,2024 | 2018,2019,2022
- 300730: 2021,2022,2023,2024 | 2018,2019,2020
- 300731: 2020,2021,2022,2023,2024 | 2018,2019
- 300735: 2020,2021,2022 | 2018,2019,2023,2024
- 300736: 2018,2020,2023,2024 | 2019,2021,2022
- 300741: 2020,2021,2022,2023,2024 | 2018,2019
- 300745: 2020,2021,2022,2023,2024 | 2018,2019
- 300747: 2020,2021,2022,2023,2024 | 2018,2019
- 300748: 2021,2022,2023,2024 | 2018,2019,2020
- 300749: 2020,2021,2022,2023,2024 | 2018,2019
- 300753: 2020,2021,2022,2023,2024 | 2018,2019
- 300756: 2020,2021,2022,2023,2024 | 2018,2019
- 300757: 2021,2022,2023,2024 | 2018,2019,2020
- 300760: 2020,2021,2022,2023,2024 | 2018,2019
- 300762: 2020,2021,2022,2023,2024 | 2019
- 300763: 2020,2021,2023,2024 | 2019,2022
- 300765: 2020,2021,2022,2023,2024 | 2019
- 300766: 2020,2022,2023,2024 | 2019,2021
- 300767: 2020,2021,2022,2023,2024 | 2019
- 300768: 2020,2021,2022,2023 | 2019,2024
- 300771: 2020,2021,2022,2023,2024 | 2019
- 300772: 2022,2023,2024 | 2019,2020,2021
- 300775: 2021,2022,2023,2024 | 2019,2020
- 300776: 2020,2021,2022,2023,2024 | 2019
- 300778: 2020,2024 | 2019,2021,2022,2023
- 300779: 2020,2022,2023,2024 | 2019,2021
- 300780: 2020,2021,2022 | 2019,2023,2024
- 300782: 2020,2021,2022,2023,2024 | 2019
- 300788: 2020,2021,2022 | 2019,2023,2024
- 300796: 2022,2023,2024 | 2019,2020,2021
- 300797: 2022,2023,2024 | 2019,2020,2021
- 300799: 2020,2021,2022 | 2019,2023
- 300800: 2020,2021,2022,2023,2024 | 2019
- 300802: 2020,2021,2022,2023 | 2019,2024
- 300805: 2022,2023,2024 | 2019,2020,2021
- 300807: 2020,2021,2022,2023,2024 | 2019
- 300811: 2020,2021,2022,2023,2024 | 2019
- 300813: 2022,2023,2024 | 2019,2020,2021
- 300817: 2020,2022,2023,2024 | 2019,2021
- 300818: 2020,2022,2023,2024 | 2019,2021
- 300819: 2020,2021,2022,2023,2024 | 2019
- 300820: 2020,2021,2022,2023,2024 | 2019
- 300821: 2021,2022,2023,2024 | 2020
- 300827: 2020,2021,2022 | 2023,2024
- 300828: 2020,2022,2023,2024 | 2021
- 300829: 2021,2022,2023,2024 | 2020
- 300830: 2021,2022,2023,2024 | 2020
- 300831: 2020,2022,2023,2024 | 2021
- 300833: 2021,2022,2023,2024 | 2020
- 300835: 2022,2023,2024 | 2020,2021
- 300838: 2021,2023,2024 | 2020,2022
- 300840: 2020,2023,2024 | 2021,2022
- 300843: 2021,2022,2023,2024 | 2020
- 300847: 2020,2023,2024 | 2021,2022
- 300848: 2021,2022,2023,2024 | 2020
- 300851: 2021,2023,2024 | 2020,2022
- 300853: 2021,2022,2023,2024 | 2020
- 300859: 2021,2022,2023,2024 | 2020
- 300861: 2020,2024 | 2021,2022,2023
- 300864: 2021,2022,2023,2024 | 2020
- 300867: 2021,2022,2023,2024 | 2020
- 300868: 2020,2021,2022 | 2023,2024
- 300876: 2020,2021,2023,2024 | 2022
- 300878: 2021,2022,2023,2024 | 2020
- 300879: 2020,2021,2023,2024 | 2022
- 300881: 2021,2022,2023,2024 | 2020
- 300882: 2022,2023,2024 | 2020,2021
- 300891: 2021,2022,2023,2024 | 2020
- 300892: 2020,2023,2024 | 2021,2022
- 300893: 2021,2022,2023,2024 | 2020
- 300894: 2022,2023,2024 | 2020,2021
- 300896: 2021,2022,2023,2024 | 2020
- 300897: 2021,2022,2023,2024 | 2020
- 300911: 2021,2022,2023,2024 | 2020
- 300912: 2021,2022,2023,2024 | 2020
- 300915: 2021,2022,2023,2024 | 2020
- 300916: 2021,2022,2023,2024 | 2020
- 300918: 2020,2021,2022 | 2023,2024
- 300919: 2021,2022,2023,2024 | 2020
- 300923: 2020,2021,2023,2024 | 2022
- 300999: 2021,2022,2023,2024 | 2020
- 600006: 2018,2019,2020,2021,2022 | 2023,2024
- 600011: 2022,2023,2024 | 2018,2019,2020,2021
- 600021: 2021,2022 | 2018,2019,2020,2023,2024
- 600022: 2020,2021,2022,2023,2024 | 2018,2019
- 600023: 2021,2022,2023,2024 | 2018,2019,2020
- 600029: 2018,2021,2022,2023,2024 | 2019,2020
- 600031: 2020,2021,2022,2023,2024 | 2018,2019
- 600035: 2020,2022 | 2018,2019,2021,2023,2024
- 600051: 2020,2021,2022,2024 | 2018,2019,2023
- 600058: 2020,2021,2022,2023,2024 | 2018,2019
- 600059: 2022,2023,2024 | 2018,2019,2020,2021
- 600075: 2022,2023,2024 | 2018,2019,2020,2021
- 600083: 2022,2023 | 2018,2019,2020,2021
- 600089: 2020,2021,2022,2023,2024 | 2018,2019
- 600099: 2021,2022,2023,2024 | 2018,2019,2020
- 600104: 2018,2021,2022,2023,2024 | 2019,2020
- 600105: 2023 | 2018,2019,2020,2021,2022,2024
- 600107: 2021,2022,2023,2024 | 2018,2019,2020
- 600113: 2024 | 2018,2019,2020,2021,2022,2023
- 600114: 2022,2023,2024 | 2018,2019,2020,2021
- 600115: 2018,2023,2024 | 2019,2020,2021,2022
- 600127: 2022,2023,2024 | 2018,2019,2020,2021
- 600128: 2020,2021,2023,2024 | 2018,2019,2022
- 600131: 2022,2023,2024 | 2018,2019,2020,2021
- 600133: 2020,2023,2024 | 2018,2019,2021,2022
- 600141: 2021,2022,2023,2024 | 2018,2019,2020
- 600158: 2020,2021,2023 | 2018,2019,2022,2024
- 600160: 2021,2022,2023,2024 | 2018,2019,2020
- 600171: 2022,2023,2024 | 2018,2019,2020,2021
- 600172: 2022,2023,2024 | 2018,2019,2020,2021
- 600180: 2024 | 2018,2019,2020,2021,2022,2023
- 600190: 2021 | 2018,2019,2020,2022,2023,2024
- 600191: 2020,2021,2022 | 2018,2019,2023,2024
- 600195: 2020,2021,2022,2023,2024 | 2018,2019
- 600196: 2020,2023,2024 | 2018,2019,2021,2022
- 600202: 2020,2021,2022,2023,2024 | 2018,2019
- 600210: 2020,2022,2023,2024 | 2018,2019,2021
- 600216: 2020,2021,2022,2023,2024 | 2018,2019
- 600231: 2021,2023,2024 | 2018,2019,2020,2022
- 600235: 2021,2022,2023,2024 | 2018,2019,2020
- 600248: 2022,2023,2024 | 2018,2019,2020,2021
- 600266: 2020,2021,2023,2024 | 2018,2019,2022
- 600268: 2021,2022,2023 | 2018,2019,2020,2024
- 600269: 2020,2021,2022,2023,2024 | 2018,2019
- 600276: 2021,2022,2023,2024 | 2018,2019,2020
- 600277: 2020,2021,2023 | 2018,2019,2022
- 600282: 2020,2021,2024 | 2018,2019,2022,2023
- 600283: 2023,2024 | 2018,2019,2020,2021,2022
- 600289: 2020,2021,2022,2023,2024 | 2018,2019
- 600293: 2020,2021,2024 | 2018,2019,2022,2023
- 600301: 2022,2023,2024 | 2018,2019,2020,2021
- 600308: 2020,2021,2023,2024 | 2018,2019,2022
- 600315: 2020,2021,2022,2023,2024 | 2018,2019
- 600316: 2019,2020,2021,2022,2023 | 2018,2024
- 600319: 2020,2021,2022,2023,2024 | 2018,2019
- 600320: 2018,2020,2023,2024 | 2019,2021,2022
- 600327: 2021,2024 | 2018,2019,2020,2022,2023
- 600356: 2022,2023,2024 | 2018,2019,2020,2021
- 600362: 2018,2020,2022,2023,2024 | 2019,2021
- 600365: 2020,2023,2024 | 2018,2019,2021,2022
- 600366: 2021,2022,2023,2024 | 2018,2019,2020
- 600367: 2020,2021,2022,2023,2024 | 2018,2019
- 600379: 2018,2019,2020 | 2021,2022,2023,2024
- 600380: 2019,2020,2021,2022,2023,2024 | 2018
- 600391: 2021,2022,2023,2024 | 2018,2019,2020
- 600396: 2022,2023,2024 | 2018,2019,2020,2021
- 600399: 2020,2021,2022,2023,2024 | 2018,2019
- 600405: 2020,2021,2022,2023,2024 | 2018,2019
- 600408: 2020,2021,2022,2023,2024 | 2018,2019
- 600415: 2018,2022,2023,2024 | 2019,2020,2021
- 600418: 2021,2022,2023,2024 | 2018,2019,2020
- 600419: 2018,2020,2021,2022,2023,2024 | 2019
- 600422: 2022,2023,2024 | 2018,2019,2020,2021
- 600426: 2021,2023,2024 | 2018,2019,2020,2022
- 600429: 2020,2021,2022,2023,2024 | 2018,2019
- 600435: 2020,2021,2022,2023,2024 | 2018,2019
- 600444: 2020,2022,2023,2024 | 2018,2019,2021
- 600458: 2020,2023,2024 | 2018,2019,2021,2022
- 600460: 2021,2022,2023,2024 | 2018,2019,2020
- 600476: 2020,2021,2022,2023,2024 | 2018,2019
- 600477: 2022,2023 | 2018,2019,2020,2021,2024
- 600479: 2022,2023,2024 | 2018,2019,2020,2021
- 600481: 2021,2022,2024 | 2018,2019,2020,2023
- 600486: 2020,2022,2023,2024 | 2018,2019,2021
- 600488: 2020,2021,2022,2023,2024 | 2018,2019
- 600490: 2023,2024 | 2018,2019,2020,2021,2022
- 600500: 2022,2023,2024 | 2018,2019,2020,2021
- 600501: 2021,2022,2023,2024 | 2018,2019,2020
- 600508: 2021,2023,2024 | 2018,2019,2020,2022
- 600511: 2020,2021,2023,2024 | 2018,2019,2022
- 600513: 2020,2021,2023,2024 | 2018,2019,2022
- 600520: 2021,2022,2023 | 2018,2019,2020,2024
- 600521: 2021,2023,2024 | 2018,2019,2020,2022
- 600527: 2021,2022,2023,2024 | 2018,2019,2020
- 600528: 2020,2021,2022,2023,2024 | 2018,2019
- 600531: 2020,2021,2022,2023,2024 | 2018,2019
- 600533: 2020,2021,2023,2024 | 2018,2019,2022
- 600540: 2021,2022,2024 | 2018,2019,2020,2023
- 600550: 2020,2021,2022,2023,2024 | 2018,2019
- 600552: 2022,2023,2024 | 2018,2019,2020,2021
- 600563: 2021,2023,2024 | 2018,2019,2020,2022
- 600569: 2020,2021,2022,2023,2024 | 2018,2019
- 600573: 2020,2023,2024 | 2018,2019,2021,2022
- 600581: 2022,2023 | 2018,2019,2020,2021,2024
- 600584: 2020,2021,2022,2023,2024 | 2018,2019
- 600585: 2018,2021,2022,2023,2024 | 2019,2020
- 600587: 2020,2021,2022,2023,2024 | 2018,2019
- 600588: 2020,2023,2024 | 2018,2019,2021,2022
- 600589: 2020,2021,2022,2024 | 2018,2019,2023
- 600593: 2021,2022,2023,2024 | 2018,2019,2020
- 600597: 2022,2023,2024 | 2018,2019,2020,2021
- 600598: 2020,2021,2023,2024 | 2018,2019,2022
- 600601: 2018,2020,2021,2023 | 2019,2022,2024
- 600604: 2023,2024 | 2018,2019,2020,2021,2022
- 600618: 2020,2021,2022,2023,2024 | 2018,2019
- 600619: 2018,2020,2021,2022,2023,2024 | 2019
- 600633: 2021,2022,2024 | 2018,2019,2020,2023
- 600639: 2021,2023,2024 | 2018,2019,2020,2022
- 600644: 2021,2023,2024 | 2018,2019,2020,2022
- 600651: 2020,2024 | 2018,2019,2021,2022,2023
- 600658: 2022,2023,2024 | 2018,2019,2020,2021
- 600660: 2018,2020,2021,2022,2023,2024 | 2019
- 600661: 2020,2021,2024 | 2018,2019,2022,2023
- 600663: 2021,2022,2023 | 2018,2019,2020,2024
- 600685: 2019,2020,2022,2023,2024 | 2018,2021
- 600702: 2018,2020,2021,2022,2023,2024 | 2019
- 600707: 2020,2021,2022,2023,2024 | 2018,2019
- 600714: 2020,2022,2023 | 2018,2019,2021,2024
- 600719: 2021,2022,2023,2024 | 2018,2019,2020
- 600721: 2018,2023,2024 | 2019,2020,2021,2022
- 600726: 2020,2021,2022,2023,2024 | 2018,2019
- 600737: 2021,2022,2023,2024 | 2018,2019,2020
- 600740: 2021,2022,2023 | 2018,2019,2020,2024
- 600748: 2020,2021,2023,2024 | 2018,2019,2022
- 600763: 2020,2023,2024 | 2018,2019,2021,2022
- 600768: 2020,2023,2024 | 2018,2019,2021,2022
- 600769: 2020,2021,2023,2024 | 2018,2019,2022
- 600787: 2020,2021,2022 | 2018,2019,2023,2024
- 600792: 2022,2023,2024 | 2018,2019,2020,2021
- 600802: 2021,2023,2024 | 2018,2019,2020,2022
- 600807: 2021,2023,2024 | 2018,2019,2020,2022
- 600808: 2018,2021,2023,2024 | 2019,2020,2022
- 600810: 2020,2023,2024 | 2018,2019,2021,2022
- 600811: 2020,2021,2023 | 2018,2019,2022
- 600815: 2021 | 2018,2019,2020,2022,2023,2024
- 600834: 2020,2021,2022,2023,2024 | 2018,2019
- 600843: 2019,2020,2021,2022,2023,2024 | 2018
- 600845: 2021,2023,2024 | 2018,2019,2020,2022
- 600848: 2021,2022,2023 | 2018,2019,2020,2024
- 600863: 2018 | 2019,2020,2021,2022,2023,2024
- 600873: 2023,2024 | 2018,2019,2020,2021,2022
- 600876: 2021,2022,2023,2024 | 2018,2019,2020
- 600882: 2022,2023,2024 | 2018,2019,2020,2021
- 600883: 2018,2020,2021 | 2019,2022,2023,2024
- 600889: 2020,2023,2024 | 2018,2019,2021,2022
- 600917: 2018,2019,2021,2022,2023,2024 | 2020
- 600929: 2021,2022,2023,2024 | 2018,2019,2020
- 600959: 2021,2022,2023,2024 | 2018,2019,2020
- 600961: 2021,2022,2023,2024 | 2018,2019,2020
- 600962: 2020,2021,2022,2023,2024 | 2018,2019
- 600963: 2023,2024 | 2018,2019,2020,2021,2022
- 600969: 2021,2022,2023,2024 | 2018,2019,2020
- 600975: 2022,2023,2024 | 2018,2019,2020,2021
- 600976: 2021,2022,2023,2024 | 2018,2019,2020
- 600982: 2020,2022,2023,2024 | 2018,2019,2021
- 600989: 2023,2024 | 2019,2020,2021,2022
- 600990: 2018,2020,2021,2022 | 2019,2023,2024
- 600997: 2021,2023,2024 | 2018,2019,2020,2022
- 601001: 2020,2022,2024 | 2018,2019,2021,2023
- 601002: 2023,2024 | 2018,2019,2020,2021,2022
- 601003: 2021,2022,2023,2024 | 2018,2019,2020
- 601005: 2018,2021,2022,2023,2024 | 2019,2020
- 601008: 2018,2023,2024 | 2019,2020,2021,2022
- 601012: 2020,2021,2022,2023,2024 | 2018,2019
- 601021: 2018,2020,2021,2022,2023,2024 | 2019
- 601101: 2020,2024 | 2018,2019,2021,2022,2023
- 601106: 2022,2023,2024 | 2018,2019,2020,2021
- 601107: 2023,2024 | 2018,2019,2020,2021,2022
- 601111: 2023,2024 | 2018,2019,2020,2021,2022
- 601118: 2021,2022,2023,2024 | 2018,2019,2020
- 601139: 2018,2019,2021,2023,2024 | 2020,2022
- 601163: 2020,2021,2022,2023,2024 | 2018,2019
- 601168: 2020,2022 | 2018,2019,2021,2023,2024
- 601177: 2020,2022,2023,2024 | 2018,2019,2021
- 601200: 2020,2022,2023,2024 | 2018,2019,2021
- 601216: 2020,2021,2022,2023,2024 | 2018,2019
- 601222: 2021,2022,2023,2024 | 2018,2019,2020
- 601226: 2021,2022,2023,2024 | 2018,2019,2020
- 601233: 2020,2021,2022,2023 | 2018,2019,2024
- 601298: 2022,2024 | 2018,2019,2020,2021,2023
- 601326: 2024 | 2018,2019,2020,2021,2022,2023
- 601512: 2021,2023,2024 | 2019,2020,2022
- 601515: 2020,2021,2022,2023,2024 | 2018,2019
- 601579: 2020,2022,2023,2024 | 2018,2019,2021
- 601595: 2021,2022,2023,2024 | 2018,2019,2020
- 601598: 2020,2021,2022,2023,2024 | 2018,2019
- 601600: 2021,2023,2024 | 2018,2019,2020,2022
- 601607: 2018,2023 | 2019,2020,2021,2022,2024
- 601615: 2020,2023,2024 | 2018,2019,2021,2022
- 601619: 2018,2023,2024 | 2019,2020,2021,2022
- 601633: 2018,2021,2022,2023,2024 | 2019,2020
- 601677: 2018,2021,2022 | 2019,2020,2023,2024
- 601700: 2021,2022,2023,2024 | 2018,2019,2020
- 601727: 2023 | 2018,2019,2020,2021,2022,2024
- 601778: 2021,2022 | 2020,2023,2024
- 601828: 2018 | 2019,2020,2021,2022,2023,2024
- 601865: 2020,2023,2024 | 2018,2019,2021,2022
- 601890: 2020,2021,2022,2023,2024 | 2018,2019
- 601898: 2018,2021,2022,2023,2024 | 2019,2020
- 601956: 2020,2021,2022,2023 | 2024
- 601968: 2021,2022,2023,2024 | 2018,2019,2020
- 601969: 2020,2021,2022,2023,2024 | 2018,2019
- 601985: 2022 | 2018,2019,2020,2021,2023,2024
- 603001: 2021,2022,2023,2024 | 2018,2019,2020
- 603003: 2020,2022,2024 | 2018,2019,2021,2023
- 603009: 2020,2023,2024 | 2018,2019,2021,2022
- 603013: 2020,2021,2023,2024 | 2018,2019,2022
- 603015: 2021,2022,2023,2024 | 2018,2019,2020
- 603017: 2020,2021,2022,2023,2024 | 2018,2019
- 603019: 2021,2022,2023 | 2018,2019,2020,2024
- 603020: 2020,2022,2023,2024 | 2018,2019,2021
- 603021: 2020,2021,2022,2023,2024 | 2018,2019
- 603022: 2021,2022,2023,2024 | 2018,2019,2020
- 603023: 2022,2023,2024 | 2018,2019,2020,2021
- 603027: 2020,2021,2022,2023,2024 | 2018,2019
- 603028: 2021,2022,2023,2024 | 2018,2019,2020
- 603033: 2021,2022,2023,2024 | 2018,2019,2020
- 603035: 2021,2023,2024 | 2018,2019,2020,2022
- 603036: 2021,2023,2024 | 2018,2019,2020,2022
- 603040: 2022,2023,2024 | 2018,2019,2020,2021
- 603053: 2020,2021,2022,2023,2024 | 2019
- 603058: 2020,2021,2022,2023,2024 | 2018,2019
- 603059: 2021,2022,2023,2024 | 2018,2019,2020
- 603063: 2022,2023,2024 | 2018,2019,2020,2021
- 603079: 2023,2024 | 2018,2019,2020,2021,2022
- 603083: 2020,2022,2023,2024 | 2018,2019,2021
- 603085: 2021,2022,2023,2024 | 2018,2019,2020
- 603086: 2018,2022,2023,2024 | 2019,2020,2021
- 603088: 2020,2022,2023,2024 | 2018,2019,2021
- 603089: 2020,2021,2022,2023,2024 | 2018,2019
- 603095: 2022,2023,2024 | 2020,2021
- 603105: 2021,2022,2023,2024 | 2018,2019,2020
- 603109: 2020,2021,2022,2023,2024 | 2019
- 603111: 2020,2022,2023,2024 | 2018,2019,2021
- 603112: 2020,2021,2022 | 2023,2024
- 603113: 2022,2023,2024 | 2018,2019,2020,2021
- 603117: 2021,2022,2023,2024 | 2018,2019,2020
- 603121: 2021,2022,2023,2024 | 2018,2019,2020
- 603123: 2021,2024 | 2018,2019,2020,2022,2023
- 603131: 2021,2023,2024 | 2018,2019,2020,2022
- 603133: 2020 | 2018,2019,2021,2022,2023
- 603138: 2020,2021,2022,2023,2024 | 2018,2019
- 603139: 2020,2021,2022,2023,2024 | 2018,2019
- 603155: 2021,2022,2023,2024 | 2020
- 603160: 2021,2023,2024 | 2018,2019,2020,2022
- 603165: 2020,2021,2022,2023,2024 | 2018,2019
- 603168: 2020,2023,2024 | 2018,2019,2021,2022
- 603177: 2020,2021,2022,2023,2024 | 2018,2019
- 603178: 2022,2023,2024 | 2018,2019,2020,2021
- 603181: 2021,2022,2023,2024 | 2018,2019,2020
- 603186: 2021,2022,2023,2024 | 2018,2019,2020
- 603187: 2020,2021,2022,2023 | 2018,2019,2024
- 603188: 2020,2021,2022,2023,2024 | 2018,2019
- 603196: 2020,2022,2023 | 2018,2019,2021,2024
- 603200: 2021,2022,2023,2024 | 2018,2019,2020
- 603208: 2021,2022,2023,2024 | 2018,2019,2020
- 603214: 2020,2023,2024 | 2018,2019,2021,2022
- 603218: 2020,2021,2022,2023,2024 | 2018,2019
- 603220: 2021,2024 | 2018,2019,2020,2022,2023
- 603223: 2020,2021,2024 | 2018,2019,2022,2023
- 603225: 2020,2021,2022,2023,2024 | 2018,2019
- 603227: 2019 | 2018,2020,2021,2022,2023,2024
- 603229: 2020,2021,2022,2023,2024 | 2018,2019
- 603233: 2021,2022,2023,2024 | 2018,2019,2020
- 603238: 2020,2021,2022,2023,2024 | 2018,2019
- 603256: 2020,2021,2022,2023,2024 | 2019
- 603260: 2022,2023,2024 | 2018,2019,2020,2021
- 603266: 2020,2021,2022,2023,2024 | 2018,2019
- 603269: 2020,2021,2022,2023,2024 | 2018,2019
- 603277: 2020,2021,2022,2023,2024 | 2018,2019
- 603279: 2020,2022 | 2019,2021,2023,2024
- 603283: 2022,2023,2024 | 2018,2019,2020,2021
- 603286: 2021,2022,2023,2024 | 2018,2019,2020
- 603288: 2020,2021,2022,2023,2024 | 2018,2019
- 603289: 2020,2021,2022,2023,2024 | 2018,2019
- 603298: 2021,2022,2023,2024 | 2018,2019,2020
- 603299: 2021,2023,2024 | 2018,2019,2020,2022
- 603300: 2020,2021,2023 | 2018,2019,2022,2024
- 603301: 2020,2021,2022,2023,2024 | 2018,2019
- 603306: 2020,2021,2022,2023,2024 | 2018,2019
- 603313: 2020,2021,2022,2023,2024 | 2018,2019
- 603319: 2021,2022,2023,2024 | 2018,2019,2020
- 603321: 2020,2021,2022,2024 | 2018,2019,2023
- 603326: 2021,2022,2023,2024 | 2018,2019,2020
- 603328: 2020,2023,2024 | 2018,2019,2021,2022
- 603331: 2020,2021,2022,2023,2024 | 2018,2019
- 603345: 2020,2022,2023,2024 | 2018,2019,2021
- 603351: 2020,2021,2023 | 2018,2019,2022,2024
- 603353: 2022,2023,2024 | 2020,2021
- 603359: 2020,2023,2024 | 2018,2019,2021,2022
- 603360: 2020,2021,2022,2023,2024 | 2018,2019
- 603367: 2018,2020,2021,2022,2023,2024 | 2019
- 603377: 2021,2022,2023,2024 | 2018,2019,2020
- 603378: 2021,2023,2024 | 2018,2019,2020,2022
- 603385: 2022,2023,2024 | 2018,2019,2020,2021
- 603389: 2022,2023,2024 | 2018,2019,2020,2021
- 603390: 2020,2021,2022,2023,2024 | 2019
- 603392: 2020,2021,2022,2024 | 2023
- 603393: 2022,2023,2024 | 2018,2019,2020,2021
- 603398: 2021,2022,2023 | 2018,2019,2020,2024
- 603416: 2022,2023,2024 | 2018,2019,2020,2021
- 603421: 2023,2024 | 2018,2019,2020,2021,2022
- 603439: 2021,2022,2023,2024 | 2020
- 603456: 2021,2022,2023,2024 | 2018,2019,2020
- 603458: 2020,2021,2023,2024 | 2018,2019,2022
- 603466: 2021,2022,2023,2024 | 2018,2019,2020
- 603477: 2021,2023,2024 | 2018,2019,2020,2022
- 603496: 2021,2022,2023,2024 | 2018,2019,2020
- 603500: 2021,2023,2024 | 2018,2019,2020,2022
- 603505: 2021,2022,2023,2024 | 2018,2019,2020
- 603506: 2021,2022,2023,2024 | 2018,2019,2020
- 603508: 2021,2022,2023,2024 | 2018,2019,2020
- 603516: 2023,2024 | 2018,2019,2020,2021,2022
- 603517: 2021,2022,2023,2024 | 2018,2019,2020
- 603519: 2021,2023 | 2018,2019,2020,2022,2024
- 603528: 2021,2022,2023,2024 | 2018,2019,2020
- 603530: 2020,2021,2022,2023,2024 | 2019
- 603536: 2020,2021,2022,2023,2024 | 2018,2019
- 603556: 2022,2023,2024 | 2018,2019,2020,2021
- 603558: 2021,2022 | 2018,2019,2020,2023,2024
- 603568: 2020,2021,2022,2023,2024 | 2018,2019
- 603578: 2021,2023,2024 | 2018,2019,2020,2022
- 603588: 2021,2023,2024 | 2018,2019,2020,2022
- 603590: 2020,2021,2022,2023,2024 | 2018,2019
- 603595: 2021,2022,2023,2024 | 2018,2019,2020
- 603600: 2021,2022,2023,2024 | 2018,2019,2020
- 603602: 2021,2022,2023,2024 | 2018,2019,2020
- 603605: 2021,2022,2023,2024 | 2018,2019,2020
- 603606: 2020,2021,2022,2023,2024 | 2018,2019
- 603607: 2018,2020,2021,2022,2023,2024 | 2019
- 603608: 2022,2023,2024 | 2018,2019,2020,2021
- 603610: 2021,2022,2023,2024 | 2019,2020
- 603611: 2023,2024 | 2018,2019,2020,2021,2022
- 603613: 2020,2021,2022,2023,2024 | 2019
- 603615: 2020,2022,2023,2024 | 2018,2019,2021
- 603618: 2021,2022,2023,2024 | 2018,2019,2020
- 603629: 2021,2022,2023,2024 | 2018,2019,2020
- 603637: 2022,2023,2024 | 2018,2019,2020,2021
- 603638: 2021,2022,2023,2024 | 2018,2019,2020
- 603648: 2020,2021,2022,2023,2024 | 2018,2019
- 603650: 2021,2022 | 2018,2019,2020,2023,2024
- 603658: 2020,2021,2022,2023,2024 | 2018,2019
- 603659: 2018,2019,2021,2022,2024 | 2020,2023
- 603660: 2019,2023,2024 | 2018,2020,2021,2022
- 603661: 2021,2022,2023,2024 | 2018,2019,2020
- 603669: 2020,2021,2022,2023,2024 | 2018,2019
- 603677: 2022,2023,2024 | 2018,2019,2020,2021
- 603680: 2021,2022,2023 | 2018,2019,2020,2024
- 603685: 2021,2022,2023,2024 | 2018,2019,2020
- 603686: 2022,2024 | 2018,2019,2020,2021,2023
- 603687: 2020,2021,2022,2023,2024 | 2019
- 603688: 2023,2024 | 2018,2019,2020,2021,2022
- 603689: 2021,2022,2023,2024 | 2018,2019,2020
- 603698: 2018,2020,2021,2022,2023,2024 | 2019
- 603700: 2021,2022,2023,2024 | 2018,2019,2020
- 603703: 2020,2021,2022,2023,2024 | 2018,2019
- 603709: 2021,2022,2023,2024 | 2018,2019,2020
- 603712: 2019,2020,2021,2022,2023,2024 | 2018
- 603713: 2022,2023,2024 | 2018,2019,2020,2021
- 603716: 2021,2022,2023,2024 | 2018,2019,2020
- 603721: 2020,2021,2022,2023 | 2018,2019,2024
- 603722: 2021,2023 | 2018,2019,2020,2022,2024
- 603725: 2020,2021,2022 | 2018,2019,2023,2024
- 603726: 2021,2022,2023,2024 | 2018,2019,2020
- 603729: 2020,2021,2022,2023,2024 | 2018,2019
- 603730: 2023,2024 | 2018,2019,2020,2021,2022
- 603733: 2023,2024 | 2018,2019,2020,2021,2022
- 603739: 2020,2021,2022,2023,2024 | 2018,2019
- 603766: 2020,2021,2022,2023,2024 | 2018,2019
- 603767: 2021,2023,2024 | 2018,2019,2020,2022
- 603773: 2021,2023,2024 | 2018,2019,2020,2022
- 603788: 2020 | 2018,2019,2021,2022,2023,2024
- 603789: 2020,2021,2022,2023,2024 | 2018,2019
- 603790: 2020,2021,2022,2023,2024 | 2018,2019
- 603800: 2021,2023,2024 | 2018,2019,2020,2022
- 603803: 2021,2022,2023,2024 | 2018,2019,2020
- 603818: 2020,2021,2022,2024 | 2018,2019,2023
- 603823: 2021,2022,2023,2024 | 2018,2019,2020
- 603838: 2021,2022,2023,2024 | 2018,2019,2020
- 603855: 2020,2021,2022,2023,2024 | 2018,2019
- 603856: 2020,2021,2023,2024 | 2018,2019,2022
- 603858: 2021,2022,2023,2024 | 2018,2019,2020
- 603859: 2019,2020,2021,2022,2023,2024 | 2018
- 603861: 2022,2023,2024 | 2018,2019,2020,2021
- 603867: 2021,2022,2023 | 2019,2020,2024
- 603868: 2018,2019,2020,2021,2022,2024 | 2023
- 603871: 2020,2021,2022,2023,2024 | 2018,2019
- 603876: 2021,2022,2023,2024 | 2018,2019,2020
- 603881: 2021,2022,2023,2024 | 2018,2019,2020
- 603885: 2020,2021,2023,2024 | 2018,2019,2022
- 603889: 2021,2022,2023,2024 | 2018,2019,2020
- 603890: 2020,2021,2022,2024 | 2018,2019,2023
- 603895: 2020,2021,2022,2023 | 2018,2019,2024
- 603896: 2020,2021,2022,2023,2024 | 2018,2019
- 603898: 2021,2022,2023,2024 | 2018,2019,2020
- 603899: 2021,2022,2023 | 2018,2019,2020,2024
- 603901: 2020,2023,2024 | 2018,2019,2021,2022
- 603903: 2020,2021,2022,2023,2024 | 2018,2019
- 603915: 2020,2021,2022,2023,2024 | 2019
- 603916: 2020,2021,2023,2024 | 2018,2019,2022
- 603917: 2021,2022,2023,2024 | 2018,2019,2020
- 603918: 2021,2022,2024 | 2018,2019,2020,2023
- 603920: 2021,2022,2023,2024 | 2018,2019,2020
- 603927: 2020,2021,2022,2023,2024 | 2019
- 603929: 2020,2021,2022,2023,2024 | 2018,2019
- 603936: 2022,2023,2024 | 2018,2019,2020,2021
- 603937: 2020,2022,2023,2024 | 2018,2019,2021
- 603948: 2021,2022,2023,2024 | 2020
- 603949: 2021,2022,2023,2024 | 2020
- 603958: 2018,2021 | 2019,2020,2022,2023,2024
- 603963: 2020,2021,2022,2023 | 2018,2019
- 603966: 2022,2023,2024 | 2018,2019,2020,2021
- 603969: 2020,2021,2022,2023,2024 | 2018,2019
- 603976: 2021,2022,2023,2024 | 2018,2019,2020
- 603978: 2020,2021,2022 | 2018,2019,2023,2024
- 603980: 2020,2021,2023,2024 | 2018,2019,2022
- 603983: 2020,2022,2023,2024 | 2019,2021
- 603985: 2018,2019,2022,2023,2024 | 2020,2021
- 603986: 2020,2021,2022 | 2018,2019,2023,2024
- 603987: 2021,2022,2023,2024 | 2018,2019,2020
- 603988: 2021,2023,2024 | 2018,2019,2020,2022
- 603989: 2021,2022,2023,2024 | 2018,2019,2020
- 603990: 2020,2021,2022,2023,2024 | 2018,2019
- 603995: 2021,2022,2023,2024 | 2019,2020
- 605003: 2021,2022,2023,2024 | 2020
- 605006: 2021,2022,2023,2024 | 2020
- 605008: 2022,2023,2024 | 2020,2021
- 605009: 2021,2022,2023,2024 | 2020
- 605050: 2021,2022,2023,2024 | 2020
- 605088: 2022,2023,2024 | 2020,2021
- 605111: 2022,2023,2024 | 2020,2021
- 605116: 2021,2022,2023 | 2020,2024
- 605155: 2022,2023 | 2020,2021,2024
- 605158: 2023,2024 | 2020,2021,2022
- 605169: 2021,2022,2023,2024 | 2020
- 605178: 2020,2021 | 2022,2023,2024
- 605179: 2022,2023,2024 | 2020,2021
- 605186: 2021,2024 | 2020,2022,2023
- 605199: 2021,2022,2023,2024 | 2020
- 605318: 2022,2023,2024 | 2020,2021
- 605333: 2020,2021,2023,2024 | 2022
- 605336: 2021,2022,2023,2024 | 2020
- 605366: 2021,2022,2023,2024 | 2020
- 605369: 2020,2021,2023,2024 | 2022
- 605376: 2022,2023,2024 | 2020,2021
- 605377: 2021,2022,2023,2024 | 2020
- 688003: 2020,2021,2022,2023,2024 | 2019
- 688004: 2020,2021,2023,2024 | 2022
- 688005: 2022,2023,2024 | 2019,2020,2021
- 688006: 2022,2023,2024 | 2019,2020,2021
- 688007: 2022,2023,2024 | 2019,2020,2021
- 688011: 2021,2022,2023,2024 | 2019,2020
- 688016: 2022,2023,2024 | 2019,2020,2021
- 688018: 2020,2021,2022,2023,2024 | 2019
- 688019: 2021,2024 | 2019,2020,2022,2023
- 688028: 2020,2021,2022,2023,2024 | 2019
- 688033: 2020,2021,2023,2024 | 2019,2022
- 688036: 2023,2024 | 2019,2020,2021,2022
- 688039: 2020,2021,2022,2024 | 2019,2023
- 688056: 2021,2022,2023,2024 | 2020
- 688057: 2021,2022,2023,2024 | 2020
- 688058: 2021,2022,2023,2024 | 2019,2020
- 688060: 2022,2023,2024 | 2020,2021
- 688078: 2020,2021,2023,2024 | 2019,2022
- 688080: 2020,2021,2022,2023,2024 | 2019
- 688081: 2020,2022,2023 | 2019,2021,2024
- 688090: 2020,2022,2023,2024 | 2019,2021
- 688093: 2021,2022,2023,2024 | 2020
- 688095: 2020,2021,2022 | 2023,2024
- 688098: 2020,2021,2022,2023,2024 | 2019
- 688100: 2021,2022,2023,2024 | 2019,2020
- 688108: 2020,2021,2022,2023,2024 | 2019
- 688116: 2021,2022,2023,2024 | 2019,2020
- 688123: 2020,2021,2022,2024 | 2019,2023
- 688127: 2021,2022,2023,2024 | 2020
- 688128: 2020,2022,2023,2024 | 2019,2021
- 688135: 2022,2023,2024 | 2020,2021
- 688138: 2021,2022,2023,2024 | 2019,2020
- 688158: 2020,2021,2022,2023,2024 | 2019
- 688159: 2021,2022,2023,2024 | 2019,2020
- 688160: 2022,2023,2024 | 2020,2021
- 688166: 2020,2023,2024 | 2019,2021,2022
- 688177: 2020,2023,2024 | 2019,2021,2022
- 688181: 2020,2021,2022,2023,2024 | 2019
- 688185: 2021,2022,2023,2024 | 2020
- 688186: 2022,2023,2024 | 2019,2020,2021
- 688199: 2021,2022,2023 | 2019,2020,2024
- 688202: 2020,2021,2024 | 2019,2022,2023
- 688208: 2021,2022,2023,2024 | 2019,2020
- 688215: 2020,2021,2022,2023 | 2024
- 688218: 2020,2021,2022,2023,2024 | 2019
- 688228: 2021,2022,2023,2024 | 2020
- 688256: 2021,2022,2023,2024 | 2020
- 688266: 2020,2021,2022,2024 | 2019,2023
- 688286: 2021,2022,2023,2024 | 2020
- 688288: 2021,2022,2023,2024 | 2019,2020
- 688309: 2021,2022,2023,2024 | 2020
- 688310: 2021,2022,2023,2024 | 2019,2020
- 688318: 2021,2022,2024 | 2020,2023
- 688321: 2021,2023,2024 | 2019,2020,2022
- 688335: 2021,2022,2023,2024 | 2020
- 688336: 2021,2023 | 2020,2022,2024
- 688338: 2020,2023,2024 | 2021,2022
- 688339: 2021,2022,2023,2024 | 2020
- 688356: 2021,2022,2023,2024 | 2020
- 688357: 2021,2022,2023,2024 | 2019,2020
- 688363: 2021,2023,2024 | 2019,2020,2022
- 688365: 2021,2022,2023,2024 | 2020
- 688366: 2020,2021,2022,2023,2024 | 2019
- 688368: 2020,2021,2022,2023,2024 | 2019
- 688369: 2023,2024 | 2019,2020,2021,2022
- 688379: 2021,2022,2023,2024 | 2020
- 688386: 2020,2023,2024 | 2021,2022
- 688388: 2019,2022,2023,2024 | 2020,2021
- 688389: 2022,2023,2024 | 2019,2020,2021
- 688390: 2022,2023,2024 | 2020,2021
- 688418: 2022,2023,2024 | 2020,2021
- 688466: 2020,2022,2023,2024 | 2021
- 688505: 2020,2021,2023,2024 | 2022
- 688518: 2021,2022,2023,2024 | 2020
- 688519: 2021,2022,2023,2024 | 2020
- 688550: 2022,2023,2024 | 2020,2021
- 688556: 2022,2023,2024 | 2020,2021
- 688559: 2022,2023,2024 | 2020,2021
- 688567: 2020,2021,2022,2024 | 2023
- 688579: 2021,2022,2023 | 2020,2024
- 688585: 2021,2022,2023,2024 | 2020
- 688589: 2021,2022,2023,2024 | 2020
- 688590: 2020,2022,2023,2024 | 2021
- 688598: 2021,2022,2023,2024 | 2020
- 688658: 2021,2022,2023,2024 | 2020
- 688699: 2021,2022,2023,2024 | 2020
- 688777: 2021,2023,2024 | 2020,2022
- 920000: 2020,2021,2022,2023,2024 | 2018,2019
- 920030: 2021,2022 | 2018,2019,2020,2023,2024
- 920184: 2021,2022,2023,2024 | 2018,2019,2020
- 920242: 2021,2022,2023 | 2018,2019,2020,2024
- 920370: 2021,2022,2023,2024 | 2018,2019,2020
- 920415: 2021,2022,2023,2024 | 2018,2019,2020
- 920433: 2023,2024 | 2018,2019,2020,2021,2022
- 920475: 2019,2020,2021,2022,2023,2024 | 2018
- 920670: 2021,2022,2023,2024 | 2019,2020
- 920799: 2021,2023,2024 | 2018,2019,2020,2022
- 920839: 2021,2022,2023,2024 | 2018,2020

Overlap: consolidated_product_diversification vs consolidated_sales_diversification -> overlapping_companies=0
Pair overlap companies: consolidated_product_diversification vs consolidated_sales_diversification = 0
Pair overlap companies: consolidated_product_diversification vs parent_product_diversification = 0
Pair overlap companies: consolidated_product_diversification vs parent_sales_diversification = 0
Pair overlap companies: consolidated_sales_diversification vs parent_product_diversification = 0
Pair overlap companies: consolidated_sales_diversification vs parent_sales_diversification = 0
Pair overlap companies: parent_product_diversification vs parent_sales_diversification = 976